Case 1:
998
90
387
720
542
Case 2:
96
547
197
782
22
444
453
366
918
572
607
955
214
175
830
309
87
714
215
857
452
694
215
Case 3:
462
850
849
945
none
46
867
973
605
648
710
612
720
122
238
52
766
219
692
939
655
none
622
560
983
604
909
137
229
290
633
926
254
Case 4:
871
412
391
458
900
583
413
703
112
1008
419
518
747
836
599
12
277
349
686
824
711
616
478
613
826
881
741
454
513
471
741
82
882
488
882
736
217
476
561
Case 5:
385
638
none
none
659
797
981
963
753
272
none
366
301
474
449
94
250
710
794
404
152
510
737
704
79
760
211
251
95
745
994
1006
453
199
880
508
none
381
609
279
